1.090000000000000080e+00
1.099412819702369370e+00
1.098730654667011031e+00
1.095803479340525799e+00
1.092181806185151371e+00
1.088072551048832715e+00
1.083552815323245655e+00
1.078686143118943175e+00
1.073531326767874772e+00
1.068140180916187454e+00
1.062557015882980904e+00
1.056821991560744856e+00
1.050978468174346592e+00
1.045083347585379574e+00
1.039217744436929269e+00
1.033493161158905993e+00
1.028047445096666124e+00
1.023028003047005807e+00
1.018566912000473224e+00
1.014758435104632817e+00
1.011648068784178234e+00
1.009234982430149419e+00
1.007483200933611656e+00
1.006335300379704867e+00
1.005724262439180672e+00
1.005581930655851552e+00
1.005843956194032218e+00
1.006452183801316291e+00
1.007355344062294211e+00
1.008508578284802004e+00
1.009872459952723123e+00
1.011411692533426665e+00
1.013093719715447705e+00
1.014887330994667769e+00
1.016761367334832578e+00
1.018683649478901776e+00
1.020620179978401154e+00
1.022534834982090191e+00
1.024389681231655969e+00
1.026145942193721572e+00
1.027765774916241215e+00
1.029214414456141036e+00
1.030462612997240290e+00
1.031488933058368751e+00
1.032281384646648537e+00
1.032838154957024246e+00
1.033167478657470495e+00
1.033286566734023637e+00
1.033219912899155490e+00
1.032997245973285683e+00
1.032651402309666233e+00
1.032216296142783207e+00
1.031725099301406878e+00
1.031208869795242178e+00
1.030695258217423138e+00
1.030207784922603897e+00
1.029765275044346895e+00
1.029381588286788718e+00
1.029065524609948712e+00
1.028820917285928171e+00
1.028646849842149047e+00
1.028537897454947725e+00
1.028484507175450924e+00
1.028473364418174496e+00
1.028487717959202019e+00
1.028507909412429422e+00
1.028511784429716247e+00
1.028475140800943155e+00
1.028372282782327840e+00
1.028176568990893713e+00
1.027861007696529105e+00
1.027398832526523309e+00
1.026764104643307585e+00
1.025932561738687410e+00
1.024882186975766274e+00
1.023594118390787289e+00
1.022053485878634094e+00
1.020250467805629446e+00
1.018181318475252839e+00
1.015849603358792708e+00
1.013267280524637659e+00
1.010455909774244265e+00
1.007447391550436055e+00
1.004284339226989120e+00
1.001019839252908383e+00
9.977164606469008934e-01
9.944445211115671146e-01
9.912793051355041074e-01
9.882977157844786698e-01
9.855739184325709168e-01
9.831743680432656340e-01
9.811524382761127594e-01
9.795429398938098053e-01
9.783570491318257512e-01
9.775790378851652029e-01
9.771652961650338920e-01
9.770472127949910712e-01
9.771382979569949168e-01
9.773458692328873543e-01
9.775859745848095583e-01
9.777996077419804921e-01
9.779671255628973325e-01
9.781171126697117968e-01
9.783270885245120008e-01
9.787146274681401970e-01
9.794195176649040935e-01
9.805797416051376114e-01
9.823057219771372806e-01
9.846574150422023886e-01
9.876285443772895301e-01
9.911408144551570043e-01
9.950491582825763404e-01
9.991561197239494652e-01
1.003233967475743560e+00
1.007049830903652188e+00
1.010391654491324065e+00
1.013092528445855400e+00
1.015050030428980898e+00
1.016236692724382884e+00
1.016698911823174845e+00
1.016543822097918381e+00
1.015918162739044561e+00
1.014983803836627008e+00
1.013894788979545991e+00
1.012779756009037690e+00
1.011730716567026622e+00
1.010798912673303018e+00
1.009996224836830159e+00
1.009300549990022944e+00
1.008663315996942700e+00
1.008017736882931947e+00
1.007286875227999756e+00
1.006390775984660646e+00
1.005252672645904788e+00
1.003804051279099774e+00
1.001989069224174189e+00
9.997676289944185113e-01
9.971177488538366385e-01
9.940365368356479658e-01
9.905400350708560842e-01
9.866614722371976898e-01
9.824481580584837337e-01
9.779573048216504416e-01
9.732514638102733873e-01
9.683940767919246850e-01
9.634459737864454754e-01
9.584627356806985077e-01
9.534932087308094495e-01
9.485790093386097244e-01
9.437544099907336781e-01
9.390469559831678970e-01
9.344782652576106852e-01
9.300648924764557401e-01
9.258195895438591227e-01
9.217524370698986225e-01
9.178721797604627586e-01
9.141876292741756282e-01
9.107088270687458964e-01
9.074480833886422459e-01
9.044207576535004955e-01
9.016453373149602157e-01
8.991430444013686074e-01
8.969365798614815644e-01
8.950481861158257058e-01
8.934970752571735897e-01
8.922965125383635066e-01
8.914509779146850832e-01
8.909536962792172776e-01
8.907853051363041619e-01
8.909136183604491332e-01
8.912948908058110353e-01
8.918764194765446129e-01
8.926003639078305962e-01
8.934078980870788778e-01
8.942440806449140078e-01
8.950618306910883559e-01
8.958251989232673962e-01
8.965116898002449819e-01
8.971130529671919041e-01
8.976348046910993528e-01
8.980944770218292073e-01
8.985189866819965898e-01
8.989413733806485007e-01
8.993972805634083967e-01
8.999216896938958543e-01
9.005456966637783722e-01
9.012945204069671146e-01
9.021856539417086873e-01
9.032281624517259910e-01
9.044227865025902258e-01
9.057623346077610105e-01
9.072329434609116561e-01
9.088155048271283620e-01
9.104873245942849413e-01
9.122238984380209859e-01
9.140005691630048723e-01
9.157939857775864168e-01
9.175834069088680822e-01
9.193517298173253804e-01
9.210861585134608731e-01
9.227786869943268577e-01
9.244262373482514672e-01
9.260305327256826979e-01
9.275977920955520428e-01
9.291382255032272219e-01
9.306653946644652953e-01
9.321953468921642116e-01
9.337459736783491060e-01
9.353360249331250653e-01
9.369844644415750157e-01
9.387097793974199522e-01
9.405296005269387916e-01
9.424605133665384660e-01
9.445182560652620740e-01
9.467184219973394654e-01
9.490776119533270716e-01
9.516155540225332832e-01
9.543581574320524341e-01
9.573424190729866723e-01
9.606241196115012926e-01
9.642908332972170982e-01
9.684853852428952914e-01
9.734525823609930795e-01
9.796434052203726317e-01
9.879847588083960908e-01
1.000725534037939068e+00
1.024615629649098913e+00
1.072300296361305971e+00
1.099081092039233765e+00
1.101227470101552530e+00
1.100134099903182561e+00
1.098411826197596364e+00
1.096273163580485654e+00
1.093714868312904542e+00
1.090727250729319975e+00
1.087322031321667604e+00
1.083535944779099980e+00
1.079427924958059171e+00
1.075073794703289565e+00
1.070560502551909821e+00
1.065981493581015238e+00
1.061433691715570449e+00
1.057015219687079899e+00
1.052822730491207448e+00
1.048947078731096605e+00
1.045466930985825327e+00
1.042441330116623988e+00
1.039903185299698496e+00
1.037855747022973674e+00
1.036272829637137738e+00
1.035103143606439291e+00
1.034276845238288001e+00
1.033713529898277361e+00
1.033330235654030593e+00
1.033048446659406983e+00
1.032799686330939215e+00
1.032529132353353862e+00
1.032197742471459234e+00
1.031782567711299947e+00
1.031275450067564492e+00
1.030681000953268089e+00
1.030013826120817821e+00
1.029295453290605344e+00
1.028551276160172501e+00
1.027807838325899725e+00
1.027090515657100189e+00
1.026421733459380814e+00
1.025819758891004296e+00
1.025297973260834050e+00
1.024864653232268941e+00
1.024523058001129305e+00
1.024271863971067509e+00
1.024105797473416457e+00
1.024016323469277845e+00
1.023992462858969166e+00
1.024021538047235724e+00
1.024089941381887581e+00
1.024183787883830909e+00
1.024289484856097054e+00
1.024394188434848418e+00
1.024486160926948664e+00
1.024554999127465393e+00
1.024591822504396621e+00
1.024589250289617892e+00
1.024541419903808981e+00
1.024443835885140208e+00
1.024293234214216364e+00
1.024087402553401249e+00
1.023824980447659350e+00
1.023505183148482711e+00
1.023127600458301423e+00
1.022692036972406626e+00
1.022198296415620655e+00
1.021646023486472155e+00
1.021034583336556167e+00
1.020362925767778206e+00
1.019629506035758082e+00
1.018832217223416992e+00
1.017968359815401902e+00
1.017034631034126058e+00
1.016027066196423689e+00
1.014941121257006751e+00
1.013771692178307982e+00
1.012513180074020580e+00
1.011159620272246817e+00
1.009704731985659798e+00
1.008142123005012492e+00
1.006465496107131763e+00
1.004668799045159711e+00
1.002746485684685940e+00
1.000693846394810516e+00
9.985072543606763329e-01
9.961844736969472924e-01
9.937249598854634991e-01
9.911301771526112026e-01
9.884038817940403732e-01
9.855523052638942572e-01
9.825843014833655076e-01
9.795115233613873595e-01
9.763484142845628710e-01
9.731121112196859935e-01
9.698223850541090041e-01
9.665014944866452407e-01
9.631738723238564281e-01
9.598659138129909119e-01
9.566054943637074537e-01
9.534217986167720094e-01
9.503448359300658010e-01
9.474049582829369154e-01
9.446324938276232652e-01
9.420572463844620881e-01
9.397079909311119028e-01
9.376121918919612108e-01
9.357953063018522588e-01
9.342804389231248452e-01
9.330879073387502443e-01
9.322348571940257678e-01
9.317348042270326980e-01
9.315974363424769367e-01
9.318282737670753324e-01
9.324285921180455183e-01
9.333953179555668500e-01
9.347211277542055718e-01
9.363945959698815047e-01
9.384005793818795960e-01
9.407206257867272159e-01
9.433335817397083822e-01
9.462163471234450451e-01
9.493447387745805877e-01
9.526944857340253758e-01
9.562422523935765195e-01
9.599669865085834752e-01
9.638511897164050435e-01
9.678825230097689580e-01
9.720556087079533780e-01
9.763742781185232866e-01
9.808545144835425500e-01
9.855284701321876950e-01
9.904504074627138444e-01
9.957052397595392845e-01
1.001421068886152455e+00
1.007785958725650577e+00
1.015064334369487620e+00
1.023588909536314873e+00
1.033643901250632657e+00
1.045063335341672728e+00
1.056572978370177607e+00
1.065928892719446130e+00
1.071586194918580093e+00
1.073621218361794138e+00
1.072894786354148478e+00
1.070216438421250249e+00
1.066129646604553338e+00
1.060960770740859704e+00
1.054897649800015325e+00
1.048048192090527353e+00
1.040486282167212062e+00
1.032297819534408134e+00
1.023627539359820871e+00
1.014708499948079767e+00
1.005847178385677498e+00
9.973611052335262794e-01
9.895066145440885030e-01
9.824404700196022189e-01
9.762232556802783456e-01
9.708452743933747575e-01
9.662548935931686289e-01
9.623802244392080096e-01
9.591431261821184995e-01
9.564672477570763665e-01
9.542821780250202446e-01
9.525252707966267440e-01
9.511421805116786476e-01
9.500866379639338888e-01
9.493198878801349938e-01
9.488099745093703241e-01
9.485309009124156532e-01
9.484619091394751456e-01
9.485866203402909536e-01
9.488924344497178254e-01
9.493698576299989256e-01
9.500119624615013247e-01
9.508139114161288097e-01
9.517726257834816517e-01
9.528864242789427674e-01
9.541548571131845957e-01
9.555785804090677349e-01
9.571592718180980119e-01
9.588997545471795725e-01
9.608040877697052728e-01
9.628778760356838662e-01
9.651285943942091716e-01
9.675661395173884571e-01
9.702036920658333452e-01
9.730587056022210746e-01
9.761544841042610887e-01
9.795223345107579860e-01
9.832048066894839566e-01
9.872603243075629420e-01
9.917702623373709780e-01
9.968494592937928722e-01
1.002661506635643907e+00
1.009438500371453662e+00
1.017496437301342871e+00
1.027203242496073976e+00
1.038763682599512350e+00
1.051614164640189086e+00
1.063814016070018686e+00
1.072983402996084745e+00
1.078222963969671211e+00
1.080129706445243754e+00
1.079653105604969410e+00
1.077528110622081314e+00
1.074233721222519922e+00
1.070078688710571990e+00
1.065272066222122449e+00
1.059964039998308349e+00
1.054267985425634047e+00
1.048274056662243048e+00
1.042059530666817890e+00
1.035696636042745755e+00
1.029257411282352930e+00
1.022814183894058093e+00
1.016435257121449443e+00
1.010177905657960062e+00
1.004081780038406091e+00
9.981655402858869985e-01
9.924277069492976056e-01
9.868509016516299193e-01
9.814075960453843006e-01
9.760658949681845220e-01
9.707943645799914645e-01
9.655655669547082987e-01
9.603582450179167784e-01
9.551584678573021847e-01
9.499599278202626174e-01
9.447635806031337014e-01
9.395770914858241341e-01
9.344136790405991322e-01
9.292911741663840708e-01
9.242307713581859874e-01
9.192560503106422809e-01
9.143919169426403259e-01
9.096639826244730109e-01
9.050977974276449567e-01
9.007186975111869387e-01
8.965515939715218430e-01
8.926210195972307249e-01
8.889514094479771256e-01
8.855673891122297636e-01
8.824939441969925635e-01
8.797566473258832120e-01
8.773817287634777529e-01
8.753956971780683105e-01
8.738248884669879146e-01
8.726945224961688563e-01
8.720277178784264782e-01
8.718441021956028214e-01
8.721584223085580012e-01
8.729791718267221334e-01
8.743072119126954478e-01
8.761349100625925868e-01
8.784453978919868344e-01
8.812124565987891067e-01
8.844006868766469687e-01
8.879662912641872463e-01
8.918582631616589484e-01
8.960198239355653405e-01
9.003901522432842253e-01
9.049063497063992711e-01
9.095051808875855848e-01
9.141250154785469650e-01
9.187073880396461334e-01
9.231982684092188141e-01
9.275492203555558701e-01
9.317180372598691251e-01
9.356688910274885140e-01
9.393724510353380630e-01
9.428051789714617659e-01
9.459489323806441474e-01
