3.880680599431181044e+00
3.881080125692979443e+00
3.881501646725448396e+00
3.881943013774473261e+00
3.882401107138342411e+00
3.882871707538575023e+00
3.883349339529570621e+00
3.883827238846543572e+00
3.884297294621900321e+00
3.884749999403784848e+00
3.885174423421375423e+00
3.885558236865459314e+00
3.885887741526640848e+00
3.886147993843008575e+00
3.886322903867745815e+00
3.886395459579403244e+00
3.886347944050866143e+00
3.886162223090459111e+00
3.885820158774234478e+00
3.885303982883187679e+00
3.884596807295623844e+00
3.883683195592415149e+00
3.882549740647217806e+00
3.881185794289167212e+00
3.879584159055757375e+00
3.877741869790578999e+00
3.875661022920930066e+00
3.873349569295189365e+00
3.870822171567980252e+00
3.868100989780179688e+00
3.865216470472955912e+00
3.862208023524420053e+00
3.859124631693076957e+00
3.856025357046445556e+00
3.852979575898396014e+00
3.850067245610191424e+00
3.847378604458911333e+00
3.845013959765295031e+00
3.843082991617609689e+00
3.841703782577520432e+00
3.841001513833655956e+00
3.841106781159658645e+00
3.842153565895142009e+00
3.844276812762292383e+00
3.847609624200094114e+00
3.852280029886396395e+00
3.858407432709206830e+00
3.866098665632215159e+00
3.875443717102713403e+00
3.886510971754420396e+00
3.899342337243857148e+00
3.913947876539588311e+00
3.930300204398261332e+00
3.948328554926500811e+00
3.967912583306458796e+00
3.988875917697842777e+00
4.010979516992623672e+00
4.033914919634821850e+00
4.057297510453264699e+00
4.080659990689742500e+00
4.103446301595941037e+00
4.125006409339245117e+00
4.144592286383712576e+00
4.161355773876235453e+00
4.174348945005517564e+00
4.182527814687384549e+00
4.184760305815525605e+00
4.179839494655985810e+00
4.166503236778622110e+00
4.143461204311011947e+00
4.109430567725939731e+00
4.063180753393253575e+00
4.003588046917904819e+00
3.929699928496416472e+00
3.840808317535020944e+00
3.736529864760777198e+00
3.616890386979295435e+00
3.482408825904117045e+00
3.334174770625663253e+00
3.173911776793479245e+00
3.004017499981467942e+00
2.827570868915466828e+00
2.648295793768111750e+00
2.470472195868324228e+00
2.298785847904513790e+00
2.138112776514835112e+00
1.993236439406211424e+00
1.868502793634520875e+00
1.767427003278483344e+00
1.692276822582640783e+00
1.643674278485530271e+00
1.620276165831087134e+00
1.618612023991731874e+00
1.633168670822181534e+00
1.656802891311714765e+00
1.681528764721202940e+00
1.699657195254009823e+00
1.705165527727891872e+00
1.695065253050216381e+00
1.670448160268737547e+00
1.636875975914075187e+00
1.603869319278221406e+00
1.583449726311165762e+00
1.587938656659660497e+00
1.627430931453498486e+00
1.707457448067948746e+00
1.827314277157081390e+00
1.979403213201021972e+00
2.149762313884901133e+00
2.319793826527676739e+00
2.469008755794298793e+00
2.578387477430978958e+00
2.633737587241737454e+00
2.628308777815175468e+00
2.564006718993524281e+00
2.450870340705301853e+00
2.304949064176479823e+00
2.145157893082582312e+00
1.989922497813071844e+00
1.854380340399337079e+00
1.748632579185723124e+00
1.677182820277644870e+00
1.639391928475252058e+00
1.630603059815406652e+00
1.643555933356151577e+00
1.669774215399382644e+00
1.700720985126851881e+00
1.728629994605433318e+00
1.747008960308522152e+00
1.750865885310663561e+00
1.736732739159162264e+00
1.702560676950832130e+00
1.647547556783483858e+00
1.571940074265824494e+00
1.476835624136127567e+00
1.363995827940105876e+00
1.235675607763161876e+00
1.094467647920702946e+00
9.431611661895022980e-01
7.846143109755511214e-01
6.216405027074892731e-01
4.569098452567050272e-01
2.928671240615102200e-01
1.316678798842928766e-01
-2.486630034317578383e-02
-1.752726595341967675e-01
-3.184522783876539975e-01
-4.536557751889984669e-01
-5.804507988535752006e-01
-6.986729702755648530e-01
-8.083625069852478084e-01
-9.096894396598081967e-01
-1.002871167312333611e+00
-1.088087167504979913e+00
-1.165396988028911229e+00
-1.234669173883140347e+00
-1.295530260944620649e+00
-1.347344040822191058e+00
-1.389231271387624478e+00
-1.420138090358339822e+00
-1.438956694239588163e+00
-1.444694147116384775e+00
-1.436674794189955140e+00
-1.414750521726081178e+00
-1.379484020063523886e+00
-1.332266955669815012e+00
-1.275339492697699750e+00
-1.211691870261222270e+00
-1.144848995434968097e+00
-1.078561391609471398e+00
-1.016444063651370966e+00
-9.616150451028070423e-01
-9.163851421842018619e-01
-8.820407663875217130e-01
-8.587461427923563928e-01
-8.455724482787488894e-01
-8.406436496913117784e-01
-8.413742842622742302e-01
-8.447647922211752869e-01
-8.477160292471035419e-01
-8.473262814167511481e-01
-8.411404320934541268e-01
-8.273305417131681105e-01
-8.047979531477568171e-01
-7.731974554268677968e-01
-7.328924381617853978e-01
-6.848556258969035193e-01
-6.305327491117128647e-01
-5.716866894435792545e-01
-5.102379717934477643e-01
-4.481145901507820328e-01
-3.871208118030340928e-01
-3.288311803236370623e-01
-2.745128788105306583e-01
-2.250770495562008089e-01
-1.810576794760817843e-01
-1.426153048293410386e-01
-1.095619034301101163e-01
-8.140293225154580925e-02
-5.739234424604162249e-02
-3.659652354286945658e-02
-1.796329498489987464e-02
-3.924621626540895220e-04
1.719538535708939678e-02
3.579474229108129540e-02
5.625832886497738466e-02
7.924986692497359986e-02
1.052084162004603696e-01
1.343258559279975062e-01
1.665386352516907142e-01
2.015343904533661856e-01
2.387734665002057832e-01
2.775247171877847085e-01
3.169142842832088913e-01
3.559853517915106957e-01
3.937661841859146361e-01
4.293431166921244380e-01
4.619346221339884484e-01
4.909621720545250811e-01
5.161134041336442602e-01
5.373931639453763953e-01
5.551583911765970436e-01
5.701335515231762407e-01
5.834045102269055372e-01
5.963901974419038021e-01
6.107931494940640471e-01
6.285317126107171637e-01
6.516582449156352874e-01
6.822687027577378771e-01
7.224094450550613278e-01
7.739868439904249442e-01
8.386843717478059679e-01
9.178904747050405932e-01
1.012638963791700597e+00
1.123562185759269694e+00
1.250856088339676431e+00
1.394255809187998629e+00
1.553020438292094463e+00
1.725926378984048659e+00
1.911269922172461166e+00
2.106881132370456378e+00
2.310152540238830099e+00
2.518087097377315953e+00
2.727369928621367734e+00
2.934467256906153398e+00
3.135753285915383159e+00
3.327661894437532464e+00
3.506855248823067761e+00
3.670396622536304054e+00
3.815911292176998426e+00
3.941718040550668434e+00
4.046915631211557951e+00
4.131413363700199071e+00
4.195901783071110280e+00
4.241767404592905244e+00
4.270962118295194898e+00
4.285842809932545627e+00
4.288998626894017896e+00
4.283082544807092162e+00
4.270660926028764237e+00
4.254090614568458051e+00
4.235428597159614839e+00
4.216375290521667374e+00
4.198249248222183816e+00
4.181988984001991483e+00
4.168176429515360049e+00
4.157076139808609128e+00
4.148684603228099732e+00
4.142784612845082926e+00
4.139000452544281394e+00
4.136850533846740952e+00
4.135794987143580848e+00
4.135276505578159956e+00
4.134753451445897454e+00
4.133724857070079750e+00
4.131747463457210223e+00
4.128445355219294122e+00
4.123513083590291117e+00
4.116713388982660149e+00
4.107870751333862813e+00
4.096862053618218091e+00
4.083605558019221426e+00
4.068049284521180198e+00
4.050159703519766730e+00
4.029911386141917795e+00
4.007278097399766814e+00
3.982225554184629424e+00
3.954705896539232768e+00
3.924653780746743426e+00
3.891983903261646116e+00
3.856589708765226110e+00
3.818343038593671412e+00
3.777094480153891265e+00
3.732674237333037492e+00
3.684893394948845380e+00
3.633545520757237135e+00
3.578408608846942673e+00
3.519247429183312459e+00
3.455816393392933339e+00
3.387863082283818272e+00
3.315132599579452943e+00
3.237372920460449333e+00
3.154341387323283730e+00
3.065812477766123756e+00
2.971586914191107542e+00
2.871502116633498414e+00
2.765443911320157433e+00
2.653359298383718645e+00
2.535269962647419995e+00
2.411286076051550431e+00
2.281619811224480987e+00
2.146597864077349094e+00
2.006672192618921713e+00
1.862428124621203329e+00
1.714588996896651230e+00
1.564016571874721206e+00
1.411706638070761244e+00
1.258779447891237080e+00
1.106464935703552754e+00
9.560830211542789003e-01
8.090196487588874330e-01
6.666995253849037351e-01
5.305567487688994666e-01
4.020046414917471389e-01
2.824061077321063373e-01
1.730456724960818815e-01
7.510411586821579000e-02
-1.036370890098241987e-02
-8.244762253344561920e-02
-1.403974933935172031e-01
-1.836355498342475412e-01
-2.117660308590160745e-01
-2.245826261712481620e-01
-2.220739799674535386e-01
-2.044274051204344189e-01
-1.720306656803880507e-01
-1.254715366341324356e-01
-6.553461139390964751e-02
6.805125226294370805e-03
9.039248165156595072e-02
1.839062465617340159e-01
2.858774339964324507e-01
3.947112531947184477e-01
5.087121722945923130e-01
6.261111606896133663e-01
7.450940182697426417e-01
8.638296557334463888e-01
9.804972881509222971e-01
1.093311750131841453e+00
1.200546502012081795e+00
1.300554303715974358e+00
1.391786064117491950e+00
1.472808672361995974e+00
1.542323008079649282e+00
1.599183382395249708e+00
1.642419555862849379e+00
1.671262038929976157e+00
1.685170668291934959e+00
1.683865465972568476e+00
1.667357657210042587e+00
1.635977604669487828e+00
1.590395553425451469e+00
1.531630632407930737e+00
1.461044096156608907e+00
1.380313482574035078e+00
1.291386632187472072e+00
1.196416565067963900e+00
1.097680757131168638e+00
9.974904331457342677e-01
8.980968628317657076e-01
8.016020642866722445e-01
7.098806696173766140e-01
6.245182889849305585e-01
5.467697062376284389e-01
4.775381165175662246e-01
4.173746841401139163e-01
3.664961218421707856e-01
3.248170249769209428e-01
2.919931323104975607e-01
2.674716937401334094e-01
2.505452899839505365e-01
2.404058790014642066e-01
2.361964836726289929e-01
2.370582642756972891e-01
2.421713736913294612e-01
2.507884445658715711e-01
2.622599961568464200e-01
2.760514876495848702e-01
2.917521673787951131e-01
3.090762218532253636e-01
3.278570972720063481e-01
3.480361310842633449e-01
3.696468401771611512e-01
3.927963193357546512e-01
4.176452127895988742e-01
4.443876310243305428e-01
4.732322080576803480e-01
5.043852526136701764e-01
5.380366654143333704e-01
5.743490023311765835e-01
6.134497855213274509e-01
6.554269216526735775e-01
7.003269049304107208e-01
7.481553234178941469e-01
7.988791525528686766e-01
8.524302610845718720e-01
9.087095991008564688e-01
9.675915834848423103e-01
1.028928275255681868e+00
1.092553028660177672e+00
1.158283377224770705e+00
1.225923010977157501e+00
1.295262764733575267e+00
1.366080593184090697e+00
1.438140575649381026e+00
1.511191011703073350e+00
1.584961711633642301e+00
1.659160597577544305e+00
1.733469755076790575e+00
1.807541089425538150e+00
1.880991757082465243e+00
1.953399559869803515e+00
2.024298509999765905e+00
2.093174795371605335e+00
2.159463398014779489e+00
2.222545640852011228e+00
2.281747957024459428e+00
2.336342186689293499e+00
2.385547714906016914e+00
2.428535725099185694e+00
2.464435842250610076e+00
2.492345359191014520e+00
2.511341140137293149e+00
2.520494244500095071e+00
2.518887120307952365e+00
2.505633205516061945e+00
2.479898435415726965e+00
2.440924357655654742e+00
2.388052142229656560e+00
2.320746981040246570e+00
2.238622201697332503e+00
2.141462449654614630e+00
2.029245322788914674e+00
1.902160733647024982e+00
1.760627278707540544e+00
1.605304714057504079e+00
1.437101509869784355e+00
1.257176285955700301e+00
1.066931827675127398e+00
8.680004322252878879e-01
6.622195565002001461e-01
4.515972727655904739e-01
2.382677284091948844e-01
2.443787943793647444e-02
-1.876721840284918674e-01
-3.958919588575725013e-01
-5.981620991505712803e-01
-7.925902133594546761e-01
-9.774963600214520154e-01
-1.151444316864327355e+00
-1.313255869416976918e+00
-1.462006765865049740e+00
-1.597004856099617953e+00
-1.717752526933414181e+00
-1.823897243470300245e+00
-1.915175265571281704e+00
-1.991354594436905101e+00
-2.052183588806210768e+00
-2.097351596334251944e+00
-2.126467218487646527e+00
-2.139058450259130773e+00
-2.134596931341394832e+00
-2.112546031504535016e+00
-2.072429688926732183e+00
-2.013916284239749555e+00
-1.936909420777496837e+00
-1.841636103238840860e+00
-1.728722575588412358e+00
-1.599248996171512616e+00
-1.454776288127315409e+00
-1.297341511355184052e+00
-1.129421528843521871e+00
-9.538680076531191876e-01
-7.738195015307782754e-01
-5.925980732030960985e-01
-4.135985291776628214e-01
-2.401778476407727680e-01
-7.555108406080206229e-02
7.730178468841543415e-02
2.157155241565850978e-01
3.374049926633777563e-01
4.405166333245948418e-01
5.236672705654158433e-01
5.859715485739740437e-01
6.270590196578188502e-01
6.470812942850172611e-01
6.467088428819597334e-01
6.271164751752731359e-01
5.899560726862501658e-01
5.373152788469350849e-01
