5.000000000000000000e-01
4.364359194462348879e-01
3.768389002149549194e-01
3.271890125487007528e-01
2.864945325157917111e-01
2.532637777942577384e-01
2.261669705203852854e-01
2.040811059761131196e-01
1.860745976448675010e-01
1.713839739545973129e-01
1.593894538171375108e-01
1.495910159627652780e-01
1.415861236092234021e-01
1.350498509353331711e-01
1.297179374462860690e-01
1.253730682647958561e-01
1.218344172852667828e-01
1.189500950667370660e-01
1.165919090384607559e-01
1.146515176209369075e-01
1.130373808790480494e-01
1.116722088197433099e-01
1.104908109384179771e-01
1.094382934891978132e-01
1.084685516762987356e-01
1.075429767957377519e-01
1.066293391480623437e-01
1.057008252169653328e-01
1.047351909626034472e-01
1.037140574485907740e-01
1.026223492446805274e-01
1.014478676894452480e-01
1.001810022799389105e-01
9.881457578204733139e-02
9.734382118437377718e-02
9.576646964620995350e-02
9.408293101544681902e-02
9.229652639542296200e-02
9.041371214400110989e-02
8.844422136720228589e-02
8.640103572591763259e-02
8.430010865958673105e-02
8.215981406051155178e-02
8.000011575251277096e-02
7.784153516551603480e-02
7.570404742448645641e-02
7.360604088673890211e-02
7.156346037036942498e-02
6.958923074887453375e-02
6.769297449998255833e-02
6.588099835099721358e-02
6.415650826749609570e-02
6.251997615044142809e-02
6.096959588526774942e-02
5.950174713646012858e-02
5.811148672476584842e-02
5.679298156646761520e-02
5.553989767750298207e-02
5.434574215801277197e-02
5.320415577693370091e-02
5.210915637879247331e-02
5.105534370221844614e-02
5.003806888786375973e-02
4.905356703251192996e-02
4.809906330966663701e-02
4.717285248106567463e-02
4.627434270441864450e-02
4.540407789596715565e-02
4.456372785049311780e-02
4.375604802429387125e-02
4.298481426783145459e-02
4.225473349080732105e-02
4.157133521767912565e-02
4.094084681169209150e-02
4.037006413510708935e-02
3.986622226957392545e-02
3.943687946185552018e-02
3.908981188415009550e-02
3.883292746679711804e-02
3.867419040351249143e-02
3.862156972381115133e-02
3.868297848329576433e-02
3.886617079462258845e-02
3.917858718119644063e-02
3.962709224067209601e-02
4.021756763761275694e-02
4.095432705895663689e-02
4.183935455660510450e-02
4.287142462645916752e-02
4.404520681593193654e-02
4.535057314083242030e-02
4.677227999021848354e-02
4.829032302975288377e-02
4.988104538158768392e-02
5.151899866226847258e-02
5.317925956282647942e-02
5.483986010783870740e-02
5.648379919148205364e-02
5.810019805263771236e-02
5.968433266620951777e-02
6.123646776628428184e-02
6.275959802619487937e-02
6.425641730987673161e-02
6.572596585495063537e-02
6.716057946668821388e-02
6.854388456789829720e-02
6.985046221584409465e-02
7.104761966630909753e-02
7.209898167599099184e-02
7.296911384340187823e-02
7.362805910790364006e-02
7.405471222310971990e-02
7.423876598058101739e-02
7.418160475555006517e-02
7.389653177883602486e-02
7.340855527982093065e-02
7.275332678419837995e-02
7.197463757861828626e-02
7.112031114460595771e-02
7.023713069327683356e-02
6.936601463394077849e-02
6.853861736172421615e-02
6.777590460771992786e-02
6.708857800905511370e-02
6.647879042120111159e-02
6.594253087613058395e-02
6.547216203748398855e-02
6.505877655929000192e-02
6.469422768868249296e-02
6.437264651658526626e-02
6.409154593002069911e-02
6.385244759604102871e-02
6.366110736268945636e-02
6.352741618989816985e-02
6.346505186936207688e-02
6.349098143835105179e-02
6.362491433752305581e-02
6.388882088442315865e-02
6.430656939085280244e-02
6.490379648566797777e-02
6.570797249602883250e-02
6.674867714413716679e-02
6.805799002611132020e-02
6.967089492560503416e-02
7.162559790776563962e-02
7.396366013287627994e-02
7.672988960736780439e-02
7.997190562611826425e-02
8.373958946636127221e-02
8.808388436442260438e-02
9.305600676594237564e-02
9.870590607566891161e-02
1.050808863831772660e-01
1.122240395452326345e-01
1.201725813956361494e-01
1.289560216567099682e-01
1.385941605842785640e-01
1.490948006579733143e-01
1.604512501596208340e-01
1.726396213262915980e-01
1.856162487169867037e-01
1.993154211317158253e-01
2.136482040082143818e-01
2.285027874584741603e-01
2.437469870212169432e-01
2.592331857390914873e-01
2.748055892878820128e-01
2.903091105259397176e-01
3.055988505823453716e-01
3.205487469075350426e-01
3.350580827945071061e-01
3.490552507881723443e-01
3.624984451168244970e-01
3.753733385891228624e-01
3.876887668981273682e-01
3.994710878848248270e-01
4.107582889419381655e-01
4.215941548556022545e-01
4.320231668038669315e-01
4.420863055898526794e-01
4.518178855500156743e-01
4.612434840571677519e-01
4.703788671866757642e-01
4.792299747293247703e-01
4.877937971844033549e-01
4.960600390513121294e-01
5.040132208507086542e-01
5.116352849462588726e-01
5.189079634356528192e-01
5.258148732313878693e-01
5.323433560606537496e-01
5.384855640855238379e-01
5.442389916874433853e-01
5.496064697052394088e-01
5.545956930699568188e-01
5.592184700174902545e-01
5.634897856226176449e-01
5.674268330841237828e-01
5.710480554347712179e-01
5.743722796712067424e-01
5.774179614733050414e-01
5.802025482251573774e-01
5.827419612097198831e-01
5.850501863270112235e-01
5.871389754540500272e-01
5.890176124414397973e-01
5.906928071716635031e-01
5.921686343950317566e-01
5.934465507319590660e-01
5.945254953174072821e-01
5.954019789576834309e-01
5.960702314083885511e-01
5.965223026044936816e-01
5.967481193266210848e-01
5.967354209775049823e-01
5.964695153802823668e-01
5.959327605017815666e-01
5.951036351319646256e-01
5.939551593389339468e-01
5.924522405434542449e-01
5.905471099155985559e-01
5.881711385824048843e-01
5.852190155048593301e-01
5.815146542640456939e-01
5.767256383373672302e-01
5.700921040392257222e-01
5.591842282460607327e-01
5.319726680826547538e-01
4.704680754825864009e-01
4.047970944576160801e-01
3.483100708441049798e-01
3.008765818939601044e-01
2.612314580724580670e-01
2.281894154117203311e-01
2.007214252480971073e-01
1.779389835714607626e-01
1.590750643065496905e-01
1.434694629557903001e-01
1.305574246561128082e-01
1.198599119976075517e-01
1.109743377327824104e-01
1.035651757637024162e-01
9.735467156743599082e-02
9.211396754615062965e-02
8.765492944970862399e-02
8.382315015159531868e-02
8.049209254453644491e-02
7.755831858030967640e-02
7.493773640536727232e-02
7.256265515825319201e-02
7.037952817629317126e-02
6.834702312330499796e-02
6.643436746615435928e-02
6.461986096980601446e-02
6.288935430030249962e-02
6.123472524016340679e-02
5.965236271046611694e-02
5.814170961806219146e-02
5.670393290350610876e-02
5.534080936451659521e-02
5.405386479186176374e-02
5.284377055629328745e-02
5.171000930341976970e-02
5.065074935947963541e-02
4.966289107109388146e-02
4.874222394127613461e-02
4.788365780404673505e-02
4.708148648333774361e-02
4.632965409449437549e-02
4.562200856377356811e-02
4.495252719746629239e-02
4.431551233887597030e-02
4.370574746082672019e-02
4.311861532160751048e-02
4.255018065011536427e-02
4.199723731673967592e-02
4.145731690444754564e-02
4.092867250501901893e-02
4.041023795978393451e-02
3.990156701979827997e-02
3.940275855720253712e-02
3.891437315546443509e-02
3.843734671924288471e-02
3.797290273241721997e-02
3.752247302813487007e-02
3.708762461263938326e-02
3.667000178749943440e-02
3.627126911637936629e-02
3.589306855008077279e-02
3.553700621701783718e-02
3.520463272197506266e-02
3.489744159694226772e-02
3.461687612786215618e-02
3.436433998661931472e-02
3.414121451569013949e-02
3.394888282147803804e-02
3.378877501190273580e-02
3.366236742882407901e-02
3.357125189192704945e-02
3.351714910456086299e-02
3.350195376926926732e-02
3.352777299792056992e-02
3.359698280241275176e-02
3.371226307670960320e-02
3.387662957476586523e-02
3.409352030062497152e-02
3.436682276423622812e-02
3.470093098162624345e-02
3.510083933413581103e-02
3.557219441116456909e-02
3.612135087816579354e-02
3.675546384381283421e-02
3.748260382131333307e-02
3.831178464343611839e-02
3.925310456557812994e-02
4.031781434377613299e-02
4.151837772671820859e-02
4.286853150857528050e-02
4.438329714171109636e-02
4.607897135806697519e-02
4.797300857168210891e-02
5.008385012952337040e-02
5.243062135568717086e-02
5.503269682220379710e-02
5.790912857128686919e-02
6.107780879941281105e-02
6.455466528530430514e-02
6.835248478920018245e-02
7.247973159499576656e-02
7.693927529193683723e-02
8.172717026880743640e-02
8.683154234692870566e-02
9.223168532547257326e-02
9.789767337565805083e-02
1.037903309799241836e-01
1.098617246942800996e-01
1.160562882696203058e-01
1.223125511697805978e-01
1.285653177251016854e-01
1.347479782555910943e-01
1.407951183269905704e-01
1.466449236572293091e-01
1.522413064970026819e-01
1.575355651542471314e-01
1.624874648282704226e-01
1.670656986211825346e-01
1.712477614940167703e-01
1.750192690509669025e-01
1.783729066396003149e-01
1.813070677431488364e-01
1.838243615943560838e-01
1.859300681605541017e-01
1.876306267664584193e-01
1.889322185304287971e-01
1.898394234346494347e-01
1.903538905457768937e-01
1.904729363727720448e-01
1.901878433086499620e-01
1.894815633282811718e-01
1.883252764881151176e-01
1.866729012261018894e-01
1.844519588424315404e-01
1.815482222879806484e-01
1.777808432305728326e-01
1.728698127191078404e-01
1.664288613018661267e-01
1.581036354345031480e-01
1.479607285705675512e-01
1.367498567261608566e-01
1.255283506392499138e-01
1.151147257811530461e-01
1.059295450842581282e-01
9.809820967781651690e-02
9.158363584291309700e-02
8.627576012854823451e-02
8.204107442566631325e-02
7.874724489556961249e-02
7.627401088665904105e-02
7.451730256355904025e-02
7.339069875510814689e-02
7.282601729953379344e-02
7.277267169544182623e-02
7.319470826100830940e-02
7.406560238566806120e-02
7.536245855595845311e-02
7.706136821967743411e-02
7.913475912128285772e-02
8.155062314049836558e-02
8.427304618314333806e-02
8.726343093748935298e-02
9.048190857999893755e-02
9.388864910935824926e-02
9.744490496335343754e-02
1.011137535597413234e-01
1.048605442489298767e-01
1.086531113101383422e-01
1.124618102670224690e-01
1.162594320504888451e-01
1.200210473319098525e-01
1.237238256480872600e-01
1.273468451003895996e-01
1.308708828092988996e-01
1.342783099237055133e-01
1.375529997132690918e-01
1.406800728244438914e-01
1.436458552088359097e-01
1.464377904770858552e-01
1.490442465633466385e-01
1.514544611052097423e-01
1.536583732286732340e-01
1.556464295642166484e-01
1.574093539455853896e-01
1.589378616553605850e-01
1.602222939079485931e-01
1.612521474415821721e-01
1.620154581263130722e-01
1.624979741353050344e-01
1.626819804051541363e-01
1.625446293517993079e-01
1.620553992178762337e-01
1.611721152042871197e-01
1.598344381642437251e-01
1.579528705173932068e-01
1.553899409006355981e-01
1.519298322365356668e-01
1.472422180879806308e-01
1.408991734523830641e-01
1.326074290010430257e-01
1.226500772246056359e-01
1.119337726303054337e-01
1.014425934275356989e-01
9.182338632026812442e-02
8.336492307160996151e-02
7.612380447802254146e-02
7.003566927221790972e-02
6.498388916810556026e-02
6.083712428754106671e-02
5.746846392211708843e-02
5.476432668100097989e-02
5.262772298967797330e-02
5.097858546607008517e-02
4.975271410387638316e-02
4.890019539214671834e-02
4.838372404315726544e-02
4.817701784155017930e-02
4.826339612970877851e-02
4.863458498173593714e-02
4.928980562428174339e-02
5.023518984136923077e-02
5.148351745146322045e-02
5.305425082797709385e-02
5.497379011312023001e-02
5.727587077239169877e-02
6.000205024035113605e-02
6.320214941509316731e-02
6.693460278108814832e-02
7.126661060886402277e-02
7.627394599687283006e-02
8.204026501438813068e-02
8.865585434318110081e-02
9.621562472238077979e-02
1.048162703722767680e-01
1.145525406330437784e-01
1.255126461295482942e-01
1.377727993226113279e-01
1.513913337095530998e-01
1.664023452361625133e-01
1.828095461799686960e-01
2.005806269821754639e-01
2.196427027384932618e-01
2.398794455119280244e-01
2.611304096504530325e-01
2.831929448942981375e-01
3.058270876521895221e-01
3.287634348120277439e-01
3.517137464926951007e-01
3.743835734392734760e-01
3.964860140909072239e-01
4.177552852940380479e-01
4.379588714860314647e-01
4.569070720077941794e-01
4.744591217015617923e-01
4.905254399865795478e-01
5.050661543068818427e-01
5.180863985011378015e-01
5.296292453019313395e-01
5.397671952294299524e-01
5.485933368572941671e-01
5.562128846094753776e-01
5.627357325667778909e-01
5.682705223628337077e-01
5.729202946380209660e-01
5.767796894804547714e-01
5.799336119503135656e-01
5.824567505836268921e-01
5.844143258804626040e-01
5.858632131979900626e-01
5.868533200869012756e-01
5.874290895951944647e-01
5.876311472831924343e-01
