5.000000000000000000e-01
9.194801618901453644e-01
9.199563416272625860e-01
9.129505777779909348e-01
9.032623996088188223e-01
8.911087307583024364e-01
8.762709139168455286e-01
8.585000041263571857e-01
8.375855231156614789e-01
8.133829282554386753e-01
7.858400733824792983e-01
7.550361031057394312e-01
7.212406186844428913e-01
6.849909260565316682e-01
6.471636898854011832e-01
6.089897168170154140e-01
5.719529510371172965e-01
5.375610927177698617e-01
5.070638781259698691e-01
4.812493491233185150e-01
4.603995472553842894e-01
4.443860306825346274e-01
4.328240934175068833e-01
4.252147039059436806e-01
4.210424807307474593e-01
4.198300325939999245e-01
4.211598928965142319e-01
4.246777235077268120e-01
4.300859652686864765e-01
4.371330619469204759e-01
4.456012255794669641e-01
4.552943860539403476e-01
4.660267408156549829e-01
4.776121860749686365e-01
4.898551028074791813e-01
5.025432069243005451e-01
5.154430154248494933e-01
5.282991506873191412e-01
5.408387472740318058e-01
5.527807262882721284e-01
5.638502106161249472e-01
5.737959180432103956e-01
5.824073811269853129e-01
5.895306658640359077e-01
5.950786278947952646e-01
5.990341321796216478e-01
6.014481554219042181e-01
6.024313836839411129e-01
6.021434814458378471e-01
6.007794370551379215e-01
5.985562601282433670e-01
5.957001075799304157e-01
5.924342130368527304e-01
5.889694925426612881e-01
5.854959061332273285e-01
5.821766229258121816e-01
5.791437671912532670e-01
5.764961833827422222e-01
5.742984371681750799e-01
5.725812402488713593e-01
5.713428645751046364e-01
5.705506130438875445e-01
5.701436804851601758e-01
5.700353653794739683e-01
5.701155357204433782e-01
5.702536285826372842e-01
5.703022521716574200e-01
5.700995548371005084e-01
5.694730257233473480e-01
5.682432762226525824e-01
5.662278152293143130e-01
5.632449529865153348e-01
5.591185713778239474e-01
5.536833874119390098e-01
5.467910743525064010e-01
5.383171925004771596e-01
5.281701779753141812e-01
5.163013687485356051e-01
5.027167675653296808e-01
4.874874395877444311e-01
4.707601954379232456e-01
4.527635332657149458e-01
4.338069661089527518e-01
4.142717344150396719e-01
3.945921787848207796e-01
3.752289171781544863e-01
3.566386287212954254e-01
3.392428186829458125e-01
3.234027434847461802e-01
3.094018705174376715e-01
2.974361275461169241e-01
2.876109393757224630e-01
2.799420220363743050e-01
2.743555312263500356e-01
2.706899221297762725e-01
2.686978722138066433e-01
2.680541115498643046e-01
2.683745108583028838e-01
2.692524529542898448e-01
2.703132865784478867e-01
2.712816628910543204e-01
2.720481844025162688e-01
2.727152577712247394e-01
2.736070025430503705e-01
2.752380399628187591e-01
2.782480911544860103e-01
2.833181818817371855e-01
2.910829780498569441e-01
3.020445323031302753e-01
3.164864132126944396e-01
3.343848599327113869e-01
3.553310035619778873e-01
3.784838507101047078e-01
4.025994222489931995e-01
4.261564102803432896e-01
4.475696962768469511e-01
4.654456040233517777e-01
4.788083980664575301e-01
4.872334676849264246e-01
4.908635200397123977e-01
4.903187301605330117e-01
4.865400827405512163e-01
4.806073624417276924e-01
4.735673759375194636e-01
4.663018442917596373e-01
4.594443109494483202e-01
4.533526316573005532e-01
4.481220036660746309e-01
4.436248360557568660e-01
4.395630141319506468e-01
4.355227968258764126e-01
4.310283913320698268e-01
4.255906073024103842e-01
4.187516828691644211e-01
4.101256191629080727e-01
3.994345534531074104e-01
3.865387487518801013e-01
3.714569300510017213e-01
3.543724136344442166e-01
3.356225551221127534e-01
3.156665930520833330e-01
2.950364081662767979e-01
2.742775341689144275e-01
2.538924671970317903e-01
2.342974347347333564e-01
2.157988167629306953e-01
1.985901655965099932e-01
1.827637911925305281e-01
1.683319273812735883e-01
1.552493526258399426e-01
1.434348750331288225e-01
1.327886505985614030e-01
1.232046322805250005e-01
1.145794197669529058e-01
1.068174283421227944e-01
9.983384101424129520e-02
9.355624125084147091e-02
8.792451712766777283e-02
8.289075799788844789e-02
7.841800376865211419e-02
7.447885456137023907e-02
7.105369346869480629e-02
6.812833253427760805e-02
6.569167500534668636e-02
6.373314823706921484e-02
6.224017611819154805e-02
6.119583734692471411e-02
6.057675128080655669e-02
6.035154850395783172e-02
6.047986219849360578e-02
6.091216493033588947e-02
6.159077367342791903e-02
6.245200321265014648e-02
6.342932971145090471e-02
6.445802373567406651e-02
6.547980308704802466e-02
6.644749530033133844e-02
6.732897835934870123e-02
6.810951313586352529e-02
6.879222303921092574e-02
6.939673654920705537e-02
6.995603207146708358e-02
7.051255483932532264e-02
7.111359005494997942e-02
7.180704050493555424e-02
7.263743239609202207e-02
7.364341830285878188e-02
7.485529933601633990e-02
7.629408249470505388e-02
7.797109369396298950e-02
7.988783529087377377e-02
8.203682499069894773e-02
8.440247676535010679e-02
8.696247288048664092e-02
8.968936823695740357e-02
9.255243989719799669e-02
9.551972549626053244e-02
9.855987120675073487e-02
1.016444284278747029e-01
1.047495588070398720e-01
1.078578353921326727e-01
1.109595104190769094e-01
1.140534653286068567e-01
1.171477223146200758e-01
1.202594941401690237e-01
1.234148605221885298e-01
1.266479057763534588e-01
1.300000189440761733e-01
1.335186902207287363e-01
1.372565462329121688e-01
1.412706614783293124e-01
1.456222563578379314e-01
1.503770454561607073e-01
1.556066126775450809e-01
1.613913867110107203e-01
1.678254963156660673e-01
1.750253320469261076e-01
1.831431924173132775e-01
1.923902196005775056e-01
2.030755990922772369e-01
2.156769181483899067e-01
2.309752338059626320e-01
2.503374610742817308e-01
2.763769037617310742e-01
3.147403818534756370e-01
3.799260075987280216e-01
5.169264209540617161e-01
7.926475262229440988e-01
9.166898523799023035e-01
9.252539411012969950e-01
9.230984467007194993e-01
9.191134537048333275e-01
9.138626605923622082e-01
9.071751594367545302e-01
8.987862354441115142e-01
8.884294590058874341e-01
8.758753266910733748e-01
8.609663685958410806e-01
8.436545994348810806e-01
8.240375016951435594e-01
8.023866896562812379e-01
7.791637425789113003e-01
7.550129477984098836e-01
7.307242098081234705e-01
7.071622569736788488e-01
6.851693111325219965e-01
6.654599799774306712e-01
6.485343263863725394e-01
6.346315572926012338e-01
6.237285773951869450e-01
6.155777993163422668e-01
6.097657260133715340e-01
6.057797992793612085e-01
6.030718024535350885e-01
6.011120229354618427e-01
5.994310266650866303e-01
5.976474713984945009e-01
5.954836149321099947e-01
5.927699354286277700e-01
5.894375129091818932e-01
5.855053827006007072e-01
5.810631668565310326e-01
5.762507402074380503e-01
5.712375689816185931e-01
5.662038119536575431e-01
5.613240522736873128e-01
5.567540570863359628e-01
5.526220447067022867e-01
5.490231335434546667e-01
5.460174048758242860e-01
5.436308014834543290e-01
5.418574983664119493e-01
5.406646443955367420e-01
5.399968771424960012e-01
5.397818272186896138e-01
5.399351984804662274e-01
5.403659123722442947e-01
5.409804402261022549e-01
5.416868067945920240e-01
5.423976538224527522e-01
5.430327582916615325e-01
5.435207297012711880e-01
5.438001295988522665e-01
5.438199346529324352e-01
5.435392245042967030e-01
5.429265017817644923e-01
5.419588401768231645e-01
5.406206028807496455e-01
5.389022463178152478e-01
5.367984705000182766e-01
5.343068604433593993e-01
5.314267800677004994e-01
5.281580231326912234e-01
5.244998832594897076e-01
5.204500918336394388e-01
5.160044015227044367e-01
5.111555558746599948e-01
5.058937072183647965e-01
5.002057729634719063e-01
4.940758535204640145e-01
4.874850219179308608e-01
4.804123772696555217e-01
4.728351696181661290e-01
4.647303115711313160e-01
4.560753409628537369e-01
4.468495514637001453e-01
4.370360454101364645e-01
4.266237402257923583e-01
4.156090981159856201e-01
4.039983117694815884e-01
3.918099193140147651e-01
3.790762649515486693e-01
3.658449927146746328e-01
3.521799078172426767e-01
3.381610265761886280e-01
3.238835100949875034e-01
3.094553546677090150e-01
2.949940740133352168e-01
2.806228352096110656e-01
2.664658236290021187e-01
2.526430027412090995e-01
2.392659988948586114e-01
2.264345571617065733e-01
2.142335692336978237e-01
2.027319670874731250e-01
1.919819003564063042e-01
1.820204669185261359e-01
1.728711054414097115e-01
1.645457217615304557e-01
1.570473876506338073e-01
1.503727751296320692e-01
1.445143244936484550e-01
1.394627853609181067e-01
1.352081382730069836e-01
1.317412861272101166e-01
1.290550002371618488e-01
1.271447054694520851e-01
1.260090102482980534e-01
1.256501276150388813e-01
1.260742337952405756e-01
1.272917572989188673e-01
1.293175311248631054e-01
1.321709610172894511e-01
1.358761233982076766e-01
1.404620091985891162e-01
1.459624963290110655e-01
1.524166656535850262e-01
1.598687739577653311e-01
1.683686467482864435e-01
1.779721721028442449e-01
1.887419319956375463e-01
2.007490055495116665e-01
2.140757250978041759e-01
2.288209419140851686e-01
2.451078609322736024e-01
2.630976703586891952e-01
2.830090128198218813e-01
3.051488878592704679e-01
3.299585320909516617e-01
3.580813387083174315e-01
3.904595383122526631e-01
4.284552249085670228e-01
4.739382097378027625e-01
5.290957319776606882e-01
5.952212104775563839e-01
6.693138413485171245e-01
7.402031287840229457e-01
7.933106370304394694e-01
8.232298725833731012e-01
8.343846789456834667e-01
8.326512095375027123e-01
8.216633437846219135e-01
8.030710465866957026e-01
7.773898281671429711e-01
7.445916089883664046e-01
7.045072999422060667e-01
6.572068050907067249e-01
6.034534256831222132e-01
5.451531834065160842e-01
4.854632446428651660e-01
4.281820244433777178e-01
3.765857481224653691e-01
3.325130710514224708e-01
2.962763682073985549e-01
2.671760722485241324e-01
2.440927519154930947e-01
2.258757348281701383e-01
2.115189468558849595e-01
2.002069530998337454e-01
1.913028360564852093e-01
1.843174989892386040e-01
1.788776441126403993e-01
1.746989710040196542e-01
1.715649249609061122e-01
1.693108302769859852e-01
1.678120203187840054e-01
1.669748914023352626e-01
1.667304826546961993e-01
1.670293961684438389e-01
1.678381516206544077e-01
1.691364215946502547e-01
1.709147919120574122e-01
1.731734144194299052e-01
1.759210249441704454e-01
1.791741417806192727e-01
1.829570100096977736e-01
1.873017972534183617e-01
1.922490845995445674e-01
1.978490287161601968e-01
2.041629075274737637e-01
2.112654782774418538e-01
2.192480401809822343e-01
2.282227564928630270e-01
2.383290309269625040e-01
2.497417857510099426e-01
2.626837472632108095e-01
2.774428059259515522e-01
2.943979543639104746e-01
3.140570301032876710e-01
3.371137266006526412e-01
3.645311169950620211e-01
3.976580910819408343e-01
4.383612202161286109e-01
4.890548354551062515e-01
5.521727926897641581e-01
6.278863710846167567e-01
7.091576569415780629e-01
7.799861828348947368e-01
8.273665447601418199e-01
8.519830567201686078e-01
8.610560212772622180e-01
8.602870517003431416e-01
8.527017296595538198e-01
8.396713297296176659e-01
8.217549241545590855e-01
7.991677188346885119e-01
7.720347721524066786e-01
7.405393465649424689e-01
7.050196858987122228e-01
6.660365555793223979e-01
6.244047679539165285e-01
5.811730723738829374e-01
5.375359780281051547e-01
4.946847050665615364e-01
4.536419611539944108e-01
4.151399520598051951e-01
3.795786581227504342e-01
3.470640963536552048e-01
3.174907300413682409e-01
2.906323407958489313e-01
2.662154746163705732e-01
2.439685482077429690e-01
2.236478658409919995e-01
2.050465724596695627e-01
1.879940221614935236e-01
1.723496361792398179e-01
1.579959435501418763e-01
1.448322005277730695e-01
1.327697337243634590e-01
1.217291154750138882e-01
1.116384001571260054e-01
1.024326529803527147e-01
9.405323015542300935e-02
8.644749510002854020e-02
7.956793732969344446e-02
7.337140365144118048e-02
6.781838677607772425e-02
6.287224354403496418e-02
5.849910459506599963e-02
5.466774228996037349e-02
5.134976555660579478e-02
4.852001202174112404e-02
4.615708200752491330e-02
4.424373622898636338e-02
4.276737871042320810e-02
4.172037503264008906e-02
4.110040431101382591e-02
4.091062003716085249e-02
4.115965747351080228e-02
4.186144802098625689e-02
4.303465399791548546e-02
4.470177350752341933e-02
4.688772377561129662e-02
4.961801059449215401e-02
5.291627399093525030e-02
5.680175507377620975e-02
6.128666471426458262e-02
6.637381684269841320e-02
7.205488084076708266e-02
7.830949716830298835e-02
8.510462727991302545e-02
9.239485919791168289e-02
1.001225423391425978e-01
1.082177336823224034e-01
1.165985063823211931e-01
1.251710804105756192e-01
1.338303842236187036e-01
1.424619851159243389e-01
1.509435906485033507e-01
1.591486446076144923e-01
