5.000000000000000000e-01
5.226642038818135605e-01
5.458885306774418078e-01
5.665327136147966236e-01
5.843560884634394492e-01
5.994705953955324906e-01
6.120448057661170838e-01
6.222668135178961446e-01
6.303326999428519040e-01
6.364382892930358082e-01
6.407726707447579662e-01
6.435140710250730756e-01
6.448284063710695291e-01
6.448703184714552616e-01
6.437860052288639778e-01
6.417167165048656141e-01
6.388015081253990424e-01
6.351780193289969789e-01
6.309808396587462953e-01
6.263381585331994073e-01
6.213681326580686726e-01
6.161762302513874578e-01
6.108541563846140443e-01
6.054801994233812712e-01
6.001205157427306203e-01
5.948308595353609673e-01
5.896583744150430961e-01
5.846432178277154446e-01
5.798199730929816109e-01
5.752187714058639711e-01
5.708661278779089132e-01
5.667855156687058304e-01
5.629976788043652425e-01
5.595206865390155437e-01
5.563697239529429295e-01
5.535566290571739545e-01
5.510891885246382849e-01
5.489702402685813221e-01
5.471966801789081014e-01
5.457585138406546577e-01
5.446381511349117632e-01
5.438101684821620152e-01
5.432416747582474725e-01
5.428934138711101198e-01
5.427215509681433403e-01
5.426799453520841920e-01
5.427226465140414513e-01
5.428063110306465822e-01
5.428922459260094868e-01
5.429479051276628887e-01
5.429477876735806507e-01
5.428737241487472387e-01
5.427146534616583695e-01
5.424659999138966571e-01
5.421288616473907140e-01
5.417089434413464577e-01
5.412155065528735376e-01
5.406603275691351795e-01
5.400566949788010440e-01
5.394184823005478968e-01
5.387593117307267754e-01
5.380917941517192604e-01
5.374268388007810149e-01
5.367730461965275479e-01
5.361361542399081248e-01
5.355185427268341902e-01
5.349188363760797316e-01
5.343315718499552780e-01
5.337469841219585343e-01
5.331509304498893709e-01
5.325249599609597206e-01
5.318465573103218214e-01
5.310895738742905658e-01
5.302248715952414537e-01
5.292211501322253708e-01
5.280459682744789163e-01
5.266668982744804328e-01
5.250528159001286443e-01
5.231752501110585873e-01
5.210097436939009619e-01
5.185370833087146192e-01
5.157443948555815449e-01
5.126260037187200247e-01
5.091839421900720142e-01
5.054280775451068797e-01
5.013758268424747255e-01
4.970514951788964630e-01
4.924852890579070053e-01
4.877120369490547391e-01
4.827698734910423339e-01
4.776987570885301015e-01
4.725391795775263359e-01
4.673307924138757063e-01
4.621111692616546862e-01
4.569145731128126942e-01
4.517707944077468674e-01
4.467040002272468779e-01
4.417317796553563158e-01
4.368646378375973249e-01
4.321062419800746901e-01
4.274547169380726319e-01
4.229051224950267085e-01
4.184528718065530506e-01
4.140975874846399285e-01
4.098466756449624659e-01
4.057179832270889630e-01
4.017412416471873859e-01
3.979581599978413431e-01
3.944213528412375269e-01
3.911920625866609491e-01
3.883363596220387737e-01
3.859196746069142869e-01
3.839994024845740928e-01
3.826155740537186545e-01
3.817811030115237925e-01
3.814736147124804799e-01
3.816318667950553412e-01
3.821593579816231490e-01
3.829357050526763229e-01
3.838333800805409646e-01
3.847351936717248178e-01
3.855477740206372794e-01
3.862083596991799372e-01
3.866848250538409970e-01
3.869707697205912456e-01
3.870780594305300859e-01
3.870289005813339900e-01
3.868487497472511971e-01
3.865605304317135671e-01
3.861805696694331491e-01
3.857158294286798239e-01
3.851625476058197495e-01
3.845061167094043775e-01
3.837221001552256205e-01
3.827783045161798348e-01
3.816377132359705104e-01
3.802620129481038003e-01
3.786152977440293554e-01
3.766675592203001521e-01
3.743974554621044004e-01
3.717940734602712127e-01
3.688574800036429902e-01
3.655981191980118283e-01
3.620352734759158531e-01
3.581949732644520989e-01
3.541076947302053135e-01
3.498061922409010926e-01
3.453236115152883423e-01
3.406921449394337276e-01
3.359418775081131625e-01
3.311003895181151013e-01
3.261923421489188457e-01
3.212394635498798667e-01
3.162606525015967396e-01
3.112721955003628360e-01
3.062880291044929315e-01
3.013200347084166730e-01
2.963783273572310750e-01
2.914715042488829622e-01
2.866069278802825249e-01
2.817909097539916807e-01
2.770289103804330910e-01
2.723256818180295191e-01
2.676853889854124424e-01
2.631117001982662407e-01
2.586078512014140518e-01
2.541766851731181998e-01
2.498206711255598067e-01
2.455419015097552171e-01
2.413420733238311744e-01
2.372224571140996996e-01
2.331838566209153696e-01
2.292265684578949358e-01
2.253503566741499320e-01
2.215544512359987617e-01
2.178375809191454848e-01
2.141980424262270866e-01
2.106338156416522889e-01
2.071427065532342460e-01
2.037225063065161434e-01
2.003711472829368678e-01
1.970868371789706586e-01
1.938681613723013952e-01
1.907141432188131647e-01
1.876242643421443534e-01
1.845984518356046100e-01
1.816370365815426491e-01
1.787406910347699995e-01
1.759103589500916331e-01
1.731471849144969322e-01
1.704524292199166846e-01
1.678273917868603748e-01
1.652733361205673268e-01
1.627914173424267197e-01
1.603826172831229468e-01
1.580476897428854111e-01
1.557871205182986829e-01
1.536011037254700340e-01
1.514895418001692695e-01
1.494520684905275010e-01
1.474880967232271578e-01
1.455968901926191494e-01
1.437776555715489235e-01
1.420296504288355299e-01
1.403523001653822766e-01
1.387453228812334516e-01
1.372088476843038030e-01
1.357435327321938889e-01
1.343506752519339209e-01
1.330323060698114512e-01
1.317912929611270434e-01
1.306314312788671994e-01
1.295575522657612666e-01
1.285756489662304991e-01
1.276930502859762173e-01
1.269186766189930871e-01
1.262634304710427147e-01
1.257408060078518686e-01
1.253678775851940486e-01
1.251669478501599431e-01
1.251684158773360145e-01
1.254160116428299776e-01
1.259770962107155945e-01
1.269651898647704280e-01
1.285971578968036211e-01
1.313757926524233011e-01
1.369288133891767845e-01
1.534001811013158134e-01
1.941938849873343920e-01
2.411145562586218538e-01
2.847351859140093144e-01
3.242354626017871499e-01
3.597038351867838935e-01
3.913082539491296585e-01
4.192272465574659601e-01
4.436518069007170939e-01
4.647920928647357730e-01
4.828801122310242278e-01
4.981674569520062046e-01
5.109193047471594085e-01
5.214065712001570985e-01
5.298981903437072205e-01
5.366547306081829172e-01
5.419237707571330498e-01
5.459368677327411934e-01
5.489075480418189601e-01
5.510298750691925429e-01
5.524773458881153676e-01
5.534020652724908063e-01
5.539342717295361318e-01
5.541821311005561412e-01
5.542321887144427972e-01
5.541502750281110945e-01
5.539828126536937569e-01
5.537587941290313953e-01
5.534922771629879890e-01
5.531853354873876860e-01
5.528313208139910007e-01
5.524181967616129674e-01
5.519316514597321088e-01
5.513577725388250084e-01
5.506851953438485214e-01
5.499064049900129758e-01
5.490185160236983331e-01
5.480233816635620148e-01
5.469272729241315689e-01
5.457402232181954860e-01
5.444751821588159624e-01
5.431471055509937695e-01
5.417720520359821101e-01
5.403663541284783323e-01
5.389458803043200019e-01
5.375254253408165983e-01
5.361182235009895880e-01
5.347355761277163833e-01
5.333865926390842782e-01
5.320780554346024038e-01
5.308143709726576009e-01
5.295976078327689907e-01
5.284276126773405080e-01
5.273021898719180145e-01
5.262173302454281609e-01
5.251674723403194633e-01
5.241457928479870132e-01
5.231444872606402230e-01
5.221550500216290969e-01
5.211685076432513997e-01
5.201756816786408111e-01
5.191674043575735809e-01
5.181345995719481845e-01
5.170684236438346515e-01
5.159603214412291639e-01
5.148020515097456729e-01
5.135857028202158725e-01
5.123036855738142270e-01
5.109486901263451397e-01
5.095135520780725846e-01
5.079913527231374459e-01
5.063751926426985905e-01
5.046582413615157137e-01
5.028336585906220124e-01
5.008945632351567978e-01
4.988339743801646353e-01
4.966448490210971234e-01
4.943201429723073637e-01
4.918527807798136475e-01
4.892357958465095025e-01
4.864624403542013864e-01
4.835262796311664557e-01
4.804213892666526764e-01
4.771425635519873643e-01
4.736855013208532417e-01
4.700470161731979402e-01
4.662252699649315768e-01
4.622199622619007076e-01
4.580325105253392204e-01
4.536661850746248614e-01
4.491261832125215125e-01
4.444196316207856823e-01
4.395555702922949171e-01
4.345447866412219251e-01
4.293996485719920875e-01
4.241338581566045374e-01
4.187621654333968380e-01
4.133000791863728485e-01
4.077634745036033403e-01
4.021684059608204853e-01
3.965307563057815510e-01
3.908660292013500515e-01
3.851891513655163468e-01
3.795143080594050589e-01
3.738549131730240505e-01
3.682235682482570827e-01
3.626320200164044327e-01
3.570912414336287477e-01
3.516115158308265043e-01
3.462025337420230331e-01
3.408735041640918451e-01
3.356332857928424063e-01
3.304905494644101993e-01
3.254539214884037968e-01
3.205321462294228319e-01
3.157342485166763080e-01
3.110696984613151028e-01
3.065485765043978739e-01
3.021817381806383707e-01
2.979809779824235116e-01
2.939591891432344894e-01
2.901305329103193165e-01
2.865106117388676044e-01
2.831166713192529438e-01
2.799678425360994094e-01
2.770854498787890807e-01
2.744934888647692084e-01
2.722192805121420589e-01
2.702944749517651180e-01
2.687566606237278832e-01
2.676517840003169724e-01
2.670380621940183219e-01
2.669923303871287734e-01
2.676205934186309809e-01
2.690760018680142807e-01
2.715897570120696103e-01
2.755229978709957672e-01
2.814410961139637846e-01
2.901591479312978783e-01
3.025424800822705818e-01
3.188122155486785569e-01
3.379293972485420960e-01
3.580665539309097478e-01
3.775590892286801448e-01
3.953139864552331351e-01
4.107500053023486197e-01
4.236288291130073658e-01
4.339198250617950503e-01
4.417135863524359052e-01
4.471713907390549858e-01
4.504982098511786104e-01
4.519295093323734136e-01
4.517229730296228318e-01
4.501476900418156513e-01
4.474683167078306045e-01
4.439280197993881738e-01
4.397363071985013749e-01
4.350645789428715937e-01
4.300480764017501900e-01
4.247912050477335444e-01
4.193737138518676688e-01
4.138563179422226068e-01
4.082853752489527532e-01
4.026964764311469214e-01
3.971171634277512741e-01
3.915689568386191421e-01
3.860688607378287007e-01
3.806304892438170939e-01
3.752649126590701378e-01
3.699813009853330503e-01
3.647874222795495225e-01
3.596900320040440913e-01
3.546951811585335457e-01
3.498084681846592159e-01
3.450352567079027488e-01
3.403808409647072208e-01
3.358505878442029635e-01
3.314501253070663012e-01
3.271854658991031339e-01
3.230631416379352583e-01
3.190904105406298652e-01
3.152753989774054189e-01
3.116273264459210601e-01
3.081567705941460344e-01
3.048760029426325624e-01
3.017994158883335332e-01
2.989440951202433361e-01
2.963305865179190479e-01
2.939839713802764876e-01
2.919353752298972093e-01
2.902242246199732700e-01
2.889015750442230912e-01
2.880353557199168968e-01
2.877188015054014669e-01
2.880845698398983856e-01
2.893290916828987203e-01
2.917553031131706609e-01
2.958445769362801347e-01
3.023536110915757691e-01
3.123282240606009008e-01
3.266917215566135790e-01
3.453103721515442537e-01
3.666722100625438019e-01
3.888000366471709990e-01
4.101281200717862285e-01
4.296925518339780314e-01
4.469949178642300680e-01
4.618390911432529999e-01
4.742146542846372159e-01
4.842216193889518627e-01
4.920219651824395690e-01
4.978081618894734106e-01
5.017832679374037985e-01
5.041489383081864117e-01
5.050986309949927477e-01
5.048138653242798535e-01
5.034620278559056583e-01
5.011949046236313654e-01
4.981477546708915072e-01
4.944390177933121189e-01
4.901707898339062730e-01
4.854300273455074421e-01
4.802902951448073110e-01
4.748137967172037510e-01
4.690534215375768978e-01
4.630546425041764391e-01
4.568571148029444418e-01
4.504959669199117833e-01
4.440027494865391167e-01
4.374060867417996490e-01
4.307320940866061210e-01
4.240046264459977898e-01
4.172453962165835195e-01
4.104740361748584476e-01
4.037081400129517439e-01
3.969633108073409855e-01
3.902532344237800710e-01
3.835897712483690158e-01
3.769830967230325958e-01
3.704418401707204600e-01
3.639732472097789717e-01
3.575833452510705501e-01
3.512771070476291557e-01
3.450586069498235986e-01
3.389311663526550222e-01
3.328974882345618891e-01
3.269597788368430735e-01
3.211198576690542095e-01
3.153792569801628365e-01
3.097393130063855193e-01
3.042012504687430785e-01
2.987662632358542014e-01
2.934355927981136536e-01
2.882106063347494862e-01
2.830928754566888750e-01
2.780842563401349499e-01
2.731869694667941051e-01
2.684036764807668507e-01
2.637375487541508412e-01
2.591923197606752494e-01
2.547723155207797796e-01
2.504824473668238460e-01
2.463281585793156425e-01
2.423153151374562719e-01
2.384500320140440777e-01
2.347384387344535472e-01
2.311863879381111653e-01
2.277991036263674607e-01
2.245808338113285951e-01
2.215344886236593203e-01
2.186613057383537950e-01
2.159605677890787945e-01
2.134293860726189651e-01
